[292.5096666559353;
  296.5893033359419;
  302.9255260256362;
  310.8823387088711;
  321.9133105424847;
  338.3113081943251;
  359.0809517687643;
  383.76738822722;
  413.1228301780874;
  442.9652721209714;
  467.7038607890902;
  487.5693110273195;
  502.0604526462532;
  510.7720667603078;
  516.0022590029606;
  519.4582196498889;
  520.6787737743193;
  306.7981153193884;
  320.3186206091762;
  337.3903987090985;
  354.9514538295649;
  371.8099387885659;
  424.0240519704876;
  441.8097990219188;
  460.7000830226027;
  479.5471692975877;
  495.2149590470337;
  398.986127729976;
  399.1185096189932;
  399.2348565150129;
  399.3256904266324;
  382.7814013998672;
  392.0243068443041;
  401.835891157428;
  411.8572790553025;
  421.2124455490905;
  328.1389163068794;
  339.5763312784808;
  354.5228997627896;
  366.7380317371388;
  354.2452858773823;
  340.5446376050675;
  435.2139338957901;
  447.1143353930412;
  462.4576702615336;
  475.3606709807632;
  462.754985861205;
  448.5964731037868;
  364.9610294418139;
  375.8900874241957;
  389.0303607508294;
  403.8765396763745;
  419.153364648048;
  434.0052971331475;
  447.4587108916278;
  436.6623563295357;
  422.3432300199526;
  406.0336460556497;
  389.8357238549769;
  375.7256838406579;
  373.2876372823367;
  388.4059247923404;
  404.6195685935205;
  421.5613421937833;
  438.363171089376;
  422.332101929174;
  405.3574725921853;
  388.6983749071414;
  278.6902287920813;
  308.9539703342272;
  339.0069290708047;
  368.5414634240727;
  396.3720430427786;
  420.9672098994772;
  442.2636259203575;
  459.3776820122432;
  465.1158658393222;
  456.0839594968498;
  436.3284232343352;
  412.7213957131447;
  386.1023553706782;
  356.7811874757392;
  326.1708377698972;
  295.2052247315533;
  264.2879537147551;
  238.9229845545724;
  229.5659370484343;
  226.5580449178094;
  228.5597390523632;
  234.113616746306;
  232.1563876576794;
  225.1423248709136;
  221.695784241435;
  223.6122018067421;
  232.2642495975593;
  264.2145865020987;
  284.6312358215301;
  304.9130099642775;
  325.1212242337501;
  341.1891491787605;
  344.0435188486365;
  344.9644802149388;
  343.2090849441613;
  339.5999667721965;
  270.2632284493308;
  262.2815632819275;
  261.6177717660463;
  269.0652006728985;
  273.8713747273972;
  274.7246141335822;
  266.3558611689246;
  258.0352109168772;
  257.5757179547748;
  264.5836125179839;
  269.9213460883836;
  270.2033222660213;
  383.8555665991742;
  375.9582671214029;
  369.896806939993;
  371.0749473409518;
  368.6461590086126;
  373.5736969936236;
  380.4873720101807;
  392.8197463467899;
  401.4402394062343;
  404.9073000762404;
  402.8991767828279;
  395.422822648917;
  383.7505097513584;
  381.1008207986997;
  381.2619421709848;
  379.7254957560539;
  381.1122914589445;
  384.706511522385;
  387.5831251198371;
  386.1053784075676]
