[215.482466141266;
  208.8810477237047;
  206.1299000615096;
  205.4010398499182;
  208.805822260803;
  221.5422025595417;
  242.5516768106808;
  271.2315413511311;
  309.7043469564239;
  355.8472901967588;
  400.8174293407018;
  439.9571917840145;
  471.0218503964952;
  492.8401329951945;
  509.6953485787385;
  524.3092676301658;
  535.9437538574734;
  235.8247328047486;
  254.1270908618385;
  276.5874629429014;
  298.8580453234979;
  319.3151854059205;
  406.1505218525419;
  436.7190006620489;
  467.1362031269164;
  493.4406827834844;
  508.8234760823303;
  348.1321888826568;
  339.311148438234;
  330.4502782009964;
  321.5767109584272;
  296.8133752399196;
  308.294873449034;
  320.7329047495815;
  335.311406405112;
  349.9985418028647;
  252.58975310839;
  269.2319549004312;
  288.8986302614006;
  302.9120467764149;
  285.1514181381826;
  266.8094173500246;
  400.1860585734273;
  419.8139790339178;
  441.2821639170417;
  457.4141272621682;
  437.3546528799982;
  417.3265468792413;
  264.4134577641598;
  278.1582877376333;
  295.9914191338461;
  315.1363618958201;
  336.8678517447423;
  354.7253810130293;
  370.5040375874175;
  351.4345743759444;
  329.803374898047;
  308.6265546454074;
  289.4722633446467;
  274.2276976778546;
  278.9452618462977;
  295.5562747143247;
  313.2074333690185;
  332.9831579178429;
  352.9240483007478;
  333.3236737704652;
  314.2506906766803;
  296.6607342225624;
  161.3389242590099;
  205.2911546495599;
  249.3652201750319;
  294.4067256069732;
  340.1221648959814;
  384.2127869841225;
  425.1082576164649;
  460.4460523119923;
  479.7925091041092;
  478.516248875248;
  459.4183332620427;
  430.4037140908542;
  393.3014179810689;
  351.0694785347505;
  308.2989297953594;
  265.4484182376168;
  221.8040280065878;
  139.6918083438308;
  133.3355974987518;
  138.3243192753441;
  151.3030011850697;
  168.7008701845789;
  186.8218991834662;
  181.7278108340867;
  182.3141475661512;
  192.5108195761857;
  211.6410653000423;
  236.0672207656675;
  268.1646062973861;
  300.0802870976596;
  331.7672444597817;
  339.2521980068339;
  347.2016194370478;
  352.9690345103481;
  353.8373750616845;
  352.3506691883032;
  206.5175946951747;
  204.0787306691119;
  211.034843830408;
  226.5184982123227;
  226.8253492253449;
  220.8936983674123;
  249.8350053166782;
  242.7552198374589;
  246.1851211734661;
  257.1530422286755;
  262.5741742647214;
  259.0967885787628;
  384.9920852613098;
  381.3665619311828;
  378.4619611356225;
  386.5302318615982;
  387.8392921347148;
  399.1905350487701;
  410.1446191946417;
  423.377931727673;
  429.8564756037809;
  428.5415881119022;
  420.7099307309757;
  405.3102694146917;
  392.4248656607941;
  396.5113019373778;
  401.7176728751278;
  404.3949248569436;
  408.0713322211692;
  403.9142327880604;
  401.0336678577645;
  396.1654477546442]
