[309.2356505703532;
  309.2013611386785;
  311.8839962721669;
  316.9108201165531;
  325.3773963724952;
  339.45846353363;
  357.9435019907123;
  379.6519717096468;
  407.0977802259433;
  438.930557286914;
  468.7332183122199;
  493.9318794651591;
  513.6984902904878;
  527.5045556218436;
  536.8928924387268;
  543.6400182122362;
  547.9075678718198;
  317.8544773009928;
  329.9248761010341;
  345.0538463220623;
  360.5994777920969;
  375.5214585015924;
  427.7368582393529;
  446.9977428345567;
  467.2595279898267;
  487.2538735646184;
  503.8944588924874;
  398.1152120616169;
  393.9554724929975;
  389.7700024997815;
  385.6167105475068;
  372.81172382735;
  381.3909165827006;
  390.7505049748452;
  401.4927935432663;
  411.9028227547775;
  335.1489672923437;
  345.6236066415859;
  359.2278411471546;
  369.9945785273708;
  358.3613345475404;
  345.8121066077878;
  438.5202136988708;
  451.354344964489;
  466.9777221499823;
  480.4030387487559;
  466.6972887748576;
  452.1376337162152;
  358.106159668902;
  365.9176204155486;
  377.0029498069274;
  390.5950167504646;
  406.5670825839341;
  421.939524068571;
  436.1949321512999;
  422.7470107075504;
  407.0123333371304;
  391.2602118862276;
  377.4686631192102;
  366.2684271110561;
  366.7136302948255;
  377.9239968124746;
  391.2221743905767;
  407.0432093063591;
  423.3831018475871;
  407.920725613233;
  392.8132206333387;
  379.313820795998;
  215.9391326882974;
  247.3028645196305;
  278.6593713699438;
  309.5554807411349;
  338.655366943597;
  364.3309457783579;
  386.3758949321805;
  404.4918756703885;
  412.8471376251204;
  407.6122044931661;
  391.8186936927829;
  371.4890702170252;
  347.0377846839481;
  318.7413404214613;
  288.2845121890175;
  257.1180045003807;
  225.7029164490922;
  179.2640376168375;
  170.6509415648708;
  168.4736909117258;
  171.7519534662179;
  178.5650409549919;
  179.8999555022037;
  174.4455385529527;
  172.5214922059525;
  175.7612135554724;
  185.1022248503893;
  213.4459238834268;
  232.5588253884941;
  251.5634328282598;
  270.5193608649852;
  290.1190854474655;
  293.5518795747473;
  295.2141936755376;
  294.397779773718;
  291.74956623149;
  215.2897607408015;
  208.5562854246007;
  208.952042865697;
  216.7483678538935;
  221.0131360109741;
  220.8375197846542;
  219.1879097305766;
  212.1395880110085;
  212.7441389161214;
  220.3437684720856;
  225.097984528018;
  224.3008788726247;
  334.0137978832486;
  325.5150773624951;
  318.9705020890325;
  321.1378263883781;
  320.1934474129513;
  327.8175891890114;
  337.1764044189363;
  346.660637900942;
  352.3553777824598;
  353.7418606442481;
  351.0328156362689;
  344.1992729780628;
  333.8895958094425;
  331.768429278386;
  332.6356615311036;
  332.9006463619378;
  336.0336248887894;
  335.5513936372124;
  336.1446788613729;
  334.4523459184256]
