[339.1601058793472;
  325.3207483779403;
  313.8760371065661;
  304.2770381367527;
  298.248699136308;
  298.9427271860218;
  305.2638760959956;
  316.8313816714831;
  339.2981809896986;
  373.1400929278401;
  409.3234939496263;
  442.0525363030763;
  471.4843513659976;
  498.3661582352078;
  522.609919880655;
  544.6067279245518;
  563.9620027472068;
  362.1671215867468;
  377.6658489328916;
  393.6015412154556;
  407.4954201750512;
  419.222380580143;
  479.4940356154062;
  500.8667315331675;
  521.636691396991;
  539.802273038252;
  551.6474989111187;
  428.7830089590026;
  414.4457925745115;
  400.2900445821218;
  386.2740294879832;
  364.0954049321351;
  371.236743533386;
  380.0989963335756;
  391.6235540422352;
  403.6418161353105;
  365.236757898527;
  379.8285298822114;
  394.3665203385809;
  400.961887648658;
  386.3738279017142;
  373.2283994010967;
  470.3032265794736;
  487.8113797951605;
  504.3634951638701;
  513.9811082481316;
  496.8469558796617;
  481.8209993417633;
  331.5436818447853;
  342.8887543194051;
  356.4820727383029;
  368.3248486917385;
  384.0605429874491;
  395.2960054675345;
  404.9852401284633;
  387.5574708169768;
  369.5503260442955;
  353.6810643405856;
  341.7129924864854;
  334.1344071988609;
  340.9315857542815;
  351.8419518802707;
  363.1727257944376;
  377.0627067514892;
  391.0091725974341;
  377.6425251710321;
  364.4554476314781;
  353.0004630456397;
  167.3022309993204;
  198.2477617254432;
  230.7189101753095;
  264.0207496460293;
  298.3216117237455;
  332.5317727593487;
  367.0321529677738;
  401.662546943127;
  427.9603957110624;
  435.0255661997446;
  427.9229559198184;
  416.5035256249707;
  401.6834358366979;
  381.2463767126323;
  357.7294748634654;
  333.3618634180916;
  307.3534034420718;
  162.5091016325318;
  164.291642582888;
  174.0631380698965;
  189.1979314260879;
  206.9747899090488;
  239.8132298261128;
  241.3254385027139;
  246.0121962706051;
  254.8846088411824;
  267.4567681816159;
  258.324969465863;
  280.7962886211994;
  303.1276788120834;
  325.4496595720917;
  325.6005992267936;
  334.3503417889532;
  341.636779322411;
  345.4733595969383;
  346.9315731631076;
  206.9168305082649;
  207.5973487128389;
  217.1889114928414;
  233.0934875475844;
  229.6814322705029;
  220.9129111923842;
  272.1581958349697;
  269.3980672174637;
  277.0565433064604;
  289.7500599203988;
  290.225185754477;
  283.0678702606959;
  349.8886080855998;
  351.3966059077115;
  354.0082704801294;
  364.0974733708171;
  368.8566214057007;
  379.5691537915173;
  389.2923712489119;
  395.7991188175929;
  396.8960584422239;
  391.8779225584711;
  381.4628507338836;
  366.7547246617618;
  359.0621598507581;
  366.3019991058972;
  374.3316525487098;
  379.6190374941081;
  385.1730443955914;
  378.763753909121;
  373.3125696189266;
  365.8067723450868]
