[109.6259168219708;
  117.3975669194417;
  127.8816360277547;
  140.4236012738038;
  157.425409402704;
  180.9047427444916;
  210.4059865309727;
  244.8671421746853;
  282.5919798294794;
  315.5975627152008;
  342.2413728892294;
  363.8493359322132;
  380.0359021842761;
  388.8313707248437;
  393.3232804777626;
  396.1730256452464;
  396.340853876406;
  132.1950499029731;
  150.4790723407766;
  175.1631478039201;
  201.4062435710249;
  226.9260341074815;
  290.079263207657;
  310.8860665701591;
  333.1946249803307;
  355.3753651793523;
  373.243377089017;
  263.1366520183599;
  267.729253548316;
  272.3446579922111;
  277.0009948542289;
  250.503222724606;
  263.2401783947871;
  276.4606553673587;
  288.3253566113164;
  299.1023607445427;
  169.7458470865484;
  183.3726420847909;
  200.008825522232;
  215.2703909260121;
  200.8735975285184;
  185.1688147875008;
  303.7158593652105;
  316.5502474612316;
  332.544869517819;
  346.4082729665266;
  333.2028196409798;
  318.2230244651656;
  225.1493385567256;
  241.4658076180807;
  259.2288181139527;
  278.9694343910988;
  296.7899679943184;
  313.7072125645411;
  328.0924936063673;
  316.987461773516;
  301.1427116087798;
  282.5011351294788;
  262.3106180443447;
  242.4010622173989;
  240.2148078464548;
  260.0862799611003;
  279.9596714131858;
  297.7301144482894;
  315.0186558070297;
  297.9987337564418;
  280.1572613475529;
  260.3631960324602;
  238.5797440273197;
  275.6529284123326;
  312.0303498308737;
  347.8233347313719;
  381.9752293439472;
  412.0799216536176;
  437.2425607980573;
  456.7217121223388;
  462.3171515588922;
  451.2238648588379;
  427.4411643938808;
  399.228251762996;
  367.5927765996365;
  332.3893155130554;
  295.806377261186;
  259.2623234590114;
  222.6617288186729;
  199.7425492105738;
  185.6513379533008;
  180.0951386549398;
  182.4024023101977;
  189.7819641287325;
  182.3254522115942;
  170.2004669834175;
  162.8212710670454;
  162.8611705563394;
  172.4204763015342;
  233.2051303040224;
  259.3623138987663;
  285.334355489702;
  311.2151809550967;
  331.3062355258277;
  334.4301729955741;
  334.7891598856199;
  331.2164601751958;
  325.1207588154653;
  243.9051698328963;
  235.693659601978;
  233.8317698861225;
  239.7451998829594;
  245.3382456549065;
  247.057626859309;
  230.2044029651198;
  220.6434205063117;
  217.9592526979981;
  222.5373017628323;
  229.5883760365699;
  231.6044512197125;
  380.0949518799627;
  371.4853067771253;
  363.8747148070424;
  364.6143378851656;
  359.6510706241867;
  363.1494510640936;
  368.1312106858394;
  384.5704682758112;
  396.0621679211787;
  401.2363791860313;
  400.0554506647612;
  392.7681984999253;
  379.9657740439185;
  378.3354034285066;
  377.7413264436129;
  374.177239537354;
  371.6075394236524;
  375.843989669076;
  379.561496775738;
  379.8473522666106]
