[93.00805232813698;
  102.8302849714213;
  115.0458976962903;
  129.728375433577;
  149.1645314012172;
  175.839356837849;
  207.8966663572525;
  243.2927307003286;
  280.4423708067346;
  315.4155554041017;
  344.1926175882148;
  367.1532526472039;
  382.1219826133743;
  387.6715646082386;
  387.8483035144088;
  385.612093675493;
  380.9530842652125;
  108.7229600999952;
  123.5903502137359;
  145.5289649338753;
  169.7107102379814;
  193.7970381820395;
  262.7318924522965;
  283.550225230148;
  306.2828120950151;
  329.5214670724627;
  349.1688254037925;
  236.9508170655808;
  242.2704835705158;
  247.5280874180507;
  252.7235744036038;
  231.3357370459665;
  243.6187154410604;
  256.1065297467525;
  267.7933335263162;
  278.4080727000998;
  147.7674410867499;
  160.3280679132635;
  178.5071464494767;
  194.8250593759862;
  180.430450345871;
  163.9377850552902;
  278.7101436402185;
  290.838267623765;
  308.8188700526673;
  324.8873498195225;
  311.3360291198991;
  294.9243205051546;
  210.3138527624714;
  226.420890465595;
  243.3632094022694;
  261.9678987415949;
  279.2803119760138;
  297.6135184388974;
  315.5626260640207;
  303.3016034698131;
  286.3132580804561;
  267.3534280325255;
  247.5102383562059;
  227.661686230165;
  224.7693464465017;
  244.9386733646406;
  264.0056048613286;
  282.1973419720662;
  301.6136859909358;
  282.4878342870616;
  263.6764425601143;
  244.4637416391836;
  163.6465751755588;
  198.7763141271209;
  233.3294617539115;
  266.563244869655;
  296.2913563194938;
  319.8205173244061;
  336.2421239818982;
  345.8552748668325;
  344.4660798779822;
  333.0121086075028;
  311.7573072241354;
  284.9723063188009;
  253.2847896977217;
  218.3595821753698;
  182.0070276719438;
  145.3587800705452;
  109.025679808122;
  96.03616842644732;
  76.53546000842535;
  64.9542651742959;
  60.8237734303715;
  62.06452699274219;
  49.22600171813156;
  39.75107090595651;
  35.25456555036641;
  38.39864274543564;
  51.34138777689495;
  95.65604988646717;
  117.5979784924064;
  139.4395679678396;
  161.2586350874616;
  188.1143614895154;
  188.8800085075263;
  187.5519585213832;
  184.4979919127547;
  179.6105196564206;
  125.8779817219692;
  111.9401806000947;
  107.8875079638213;
  115.0978552859222;
  124.2106757339653;
  128.3137410833529;
  99.65918471099785;
  87.08541913474768;
  84.37928328420783;
  93.0163923480532;
  101.0091517634145;
  103.0364707842335;
  249.6893828746046;
  236.5850108545958;
  226.3629001067745;
  224.84835729989;
  219.8101273245589;
  223.5870775345856;
  230.3949962395679;
  243.3189478006509;
  251.6683364946116;
  256.2814892569776;
  258.6376752863333;
  256.9708407547483;
  245.4215134386266;
  240.1188242225156;
  237.477438017712;
  233.3687189477795;
  231.4667125077468;
  234.3031470711403;
  237.7192955053084;
  241.1515921076637]
