-74.907476 
-73.885990 
-71.489258 
-67.482519 
-60.629789 
-49.691406 
-35.497591 
-18.891692 
0.105636 
19.085146 
35.647665 
49.792618 
60.675798 
67.467724 
71.412137 
73.748052 
74.707721 
-58.458668 
-49.527553 
-38.577366 
-27.361808 
-16.609493 
16.437446 
27.173888 
38.379921 
49.329869 
58.272633 
-0.044580 
-0.019917 
0.004603 
0.028615 
-12.698018 
-6.535473 
0.041603 
6.612439 
12.762422 
-43.886056 
-36.751464 
-28.218240 
-21.229092 
-28.717232 
-36.629921 
21.119565 
28.093004 
36.622605 
43.765142 
36.521022 
28.611100 
-26.653333 
-19.053937 
-9.906007 
0.059738 
10.017459 
19.165211 
26.764528 
19.820436 
10.655324 
0.089141 
-10.485863 
-19.676019 
-20.099832 
-10.413211 
0.066036 
10.540162 
20.221242 
10.704606 
0.073169 
-10.566624 
-28.812217 
-9.662052 
9.454018 
28.239136 
45.813647 
60.982433 
73.280172 
82.547123 
85.839987 
82.491573 
73.176472 
60.837946 
45.637786 
28.043667 
9.247651 
-9.875205 
-29.028947 
-57.238019 
-63.739913 
-66.320592 
-65.657067 
-62.730330 
-62.772247 
-65.732441 
-66.431039 
-63.884164 
-57.408209 
-43.494093 
-32.323206 
-21.219201 
-10.154099 
1.865699 
3.812307 
4.550229 
3.795547 
1.833301 
-39.575745 
-44.012326 
-44.271766 
-40.257729 
-37.775364 
-37.398870 
-40.324420 
-44.356723 
-44.121200 
-39.703605 
-37.507475 
-37.862166 
30.198595 
23.732715 
19.281161 
19.985394 
19.255417 
23.681657 
30.124395 
37.039208 
41.464305 
42.768918 
41.494874 
37.095259 
29.677178 
26.828533 
26.647927 
26.799121 
29.618278 
31.751934 
32.973459 
31.783409 
64.083586 
59.604237 
55.630937 
51.270408 
45.264067 
38.374113 
30.298802 
21.248638 
16.868691 
21.260056 
30.328419 
38.423826 
45.328428 
51.345204 
55.721454 
59.708635 
64.196230 
14.422033 
8.686064 
2.801790 
-2.729174 
-7.926259 
-7.862783 
-2.662158 
2.869104 
8.753808 
14.496714 
-20.448168 
-30.505334 
-40.604505 
-50.582207 
-32.451571 
-35.110317 
-36.937315 
-35.089217 
-32.412092 
5.389048 
2.570176 
0.218247 
-2.269159 
-0.023830 
2.115026 
-2.270098 
0.239954 
2.611755 
5.453688 
2.158551 
-0.000314 
-13.185956 
-22.510052 
-29.160533 
-32.817646 
-29.120915 
-22.445438 
-13.108197 
-20.287321 
-26.767387 
-29.589010 
-26.786669 
-20.332165 
-18.723657 
-27.229468 
-31.286473 
-27.203927 
-18.701761 
-23.325596 
-25.935592 
-23.339431